81
1 9 1 2 3 4 5 6 7 8 9
2 9 1 2 3 4 5 6 7 8 9
3 9 1 2 3 4 5 6 7 8 9
4 9 1 2 3 4 5 6 7 8 9
5 9 1 2 3 4 5 6 7 8 9
6 9 1 2 3 4 5 6 7 8 9
7 9 1 2 3 4 5 6 7 8 9
8 1 3
9 9 1 2 3 4 5 6 7 8 9
10 19 1 2 3 4 5 6 7 8 9
11 9 1 2 3 4 5 6 7 8 9
12 1 2
13 1 9
14 1 5
15 9 1 2 3 4 5 6 7 8 9
16 9 1 2 3 4 5 6 7 8 9
17 1 1
18 1 8
19 1 6
20 9 1 2 3 4 5 6 7 8 9
21 1 1
22 9 1 2 3 4 5 6 7 8 9
23 9 1 2 3 4 5 6 7 8 9
24 9 1 2 3 4 5 6 7 8 9
25 9 1 2 3 4 5 6 7 8 9
26 9 1 2 3 4 5 6 7 8 9
27 9 1 2 3 4 5 6 7 8 9
28 9 1 2 3 4 5 6 7 8 9
29 1 
30 9 1 2 3 4 5 6 7 8 9
31 9 1 2 3 4 5 6 7 8 9
32 9 1 2 3 4 5 6 7 8 9
33 1 1
34 1 4
35 9 1 2 3 4 5 6 7 8 9
36 9 1 2 3 4 5 6 7 8 9
37 9 1 2 3 4 5 6 7 8 9
38 9 1 2 3 4 5 6 7 8 9
39 1 9
40 9 1 2 3 4 5 6 7 8 9
41 9 1 2 3 4 5 6 7 8 9
42 9 1 2 3 4 5 6 7 8 9
43 9 1 2 3 4 5 6 7 8 9
44 1 8
45 1 6
46 1 8
47 9 1 2 3 4 5 6 7 8 9
48 1 6
49 9 1 2 3 4 5 6 7 8 9
50 9 1 2 3 4 5 6 7 8 9
51 1 9
52 9 1 2 3 4 5 6 7 8 9
53 1 2
54 9 1 2 3 4 5 6 7 8 9
55 9 1 2 3 4 5 6 7 8 9
56 9 1 2 3 4 5 6 7 8 9
57 9 1 2 3 4 5 6 7 8 9
58 9 1 2 3 4 5 6 7 8 9
59 1 4
60 9 1 2 3 4 5 6 7 8 9
61 9 1 2 3 4 5 6 7 8 9
62 9 1 2 3 4 5 6 7 8 9
63 9 1 2 3 4 5 6 7 8 9
64 1 4
65 1 6
66 9 1 2 3 4 5 6 7 8 9
67 9 1 2 3 4 5 6 7 8 9
68 9 1 2 3 4 5 6 7 8 9
69 1 7
70 1 5
71 9 1 2 3 4 5 6 7 8 9
72 9 1 2 3 4 5 6 7 8 9
73 1 1 
74 9 1 2 3 4 5 6 7 8 9
75 9 1 2 3 4 5 6 7 8 9
76 9 1 2 3 4 5 6 7 8 9
77 9 1 2 3 4 5 6 7 8 9
78 9 1 2 3 4 5 6 7 8 9
79 9 1 2 3 4 5 6 7 8 9
80 9 1 2 3 4 5 6 7 8 9
81 1 3
4 9 45 1 2 3 4 5 6 7 8 9 
4 9 45 10 11 12 13 14 15 16 17 18
4 9 45 19 20 21 22 23 24 25 26 27
4 9 45 28 29 30 31 32 33 34 35 36
4 9 45 37 38 39 40 41 42 43 44 45
4 9 45 46 47 48 49 50 51 52 53 54
4 9 45 55 56 57 58 59 60 61 62 63
4 9 45 64 65 66 67 68 69 70 71 72
4 9 45 73 74 75 76 77 78 79 80 81
4 9 45 1 10 19 28 37 46 55 64 73
4 9 45 2 11 20 29 38 47 56 65 74
4 9 45 3 12 21 30 39 48 57 66 75
4 9 45 4 13 22 31 40 49 58 67 76
4 9 45 5 14 23 32 41 50 59 68 77
4 9 45 6 15 24 33 42 51 60 69 78
4 9 45 7 16 25 34 43 52 61 70 79
4 9 45 8 17 26 35 44 53 62 71 80
4 9 45 9 18 27 36 45 54 63 72 81
4 9 45 1 2 3 10 11 12 19 20 21
4 9 45 4 5 6 13 14 15 22 23 24
4 9 45 7 8 9 16 17 18 25 26 27
4 9 45 28 29 30 37 38 39 46 47 48
4 9 45 31 32 33 40 41 42 49 50 51
4 9 45 34 35 36 43 44 45 52 53 54
4 9 45 55 56 57 64 65 66 73 74 75
4 9 45 58 59 60 67 68 69 76 77 78
4 9 45 61 62 63 70 71 72 79 80 81