55
1 30 1 2 3 4 5 6 7 8 9 10 11 12 13 14 15 16 17 18 19 20 21 22 23 24 25 26 27 28 29 30
2 30 1 2 3 4 5 6 7 8 9 10 11 12 13 14 15 16 17 18 19 20 21 22 23 24 25 26 27 28 29 30
3 30 1 2 3 4 5 6 7 8 9 10 11 12 13 14 15 16 17 18 19 20 21 22 23 24 25 26 27 28 29 30
4 30 1 2 3 4 5 6 7 8 9 10 11 12 13 14 15 16 17 18 19 20 21 22 23 24 25 26 27 28 29 30
5 1 10 
6 1 11 
7 30 1 2 3 4 5 6 7 8 9 10 11 12 13 14 15 16 17 18 19 20 21 22 23 24 25 26 27 28 29 30
8 30 1 2 3 4 5 6 7 8 9 10 11 12 13 14 15 16 17 18 19 20 21 22 23 24 25 26 27 28 29 30
9 30 1 2 3 4 5 6 7 8 9 10 11 12 13 14 15 16 17 18 19 20 21 22 23 24 25 26 27 28 29 30
10 30 1 2 3 4 5 6 7 8 9 10 11 12 13 14 15 16 17 18 19 20 21 22 23 24 25 26 27 28 29 30
11 30 1 2 3 4 5 6 7 8 9 10 11 12 13 14 15 16 17 18 19 20 21 22 23 24 25 26 27 28 29 30
12 30 1 2 3 4 5 6 7 8 9 10 11 12 13 14 15 16 17 18 19 20 21 22 23 24 25 26 27 28 29 30
13 30 1 2 3 4 5 6 7 8 9 10 11 12 13 14 15 16 17 18 19 20 21 22 23 24 25 26 27 28 29 30
14 30 1 2 3 4 5 6 7 8 9 10 11 12 13 14 15 16 17 18 19 20 21 22 23 24 25 26 27 28 29 30
15 30 1 2 3 4 5 6 7 8 9 10 11 12 13 14 15 16 17 18 19 20 21 22 23 24 25 26 27 28 29 30
16 30 1 2 3 4 5 6 7 8 9 10 11 12 13 14 15 16 17 18 19 20 21 22 23 24 25 26 27 28 29 30
17 30 1 2 3 4 5 6 7 8 9 10 11 12 13 14 15 16 17 18 19 20 21 22 23 24 25 26 27 28 29 30
18 30 1 2 3 4 5 6 7 8 9 10 11 12 13 14 15 16 17 18 19 20 21 22 23 24 25 26 27 28 29 30
19 30 1 2 3 4 5 6 7 8 9 10 11 12 13 14 15 16 17 18 19 20 21 22 23 24 25 26 27 28 29 30
20 30 1 2 3 4 5 6 7 8 9 10 11 12 13 14 15 16 17 18 19 20 21 22 23 24 25 26 27 28 29 30
21 1 5
22 30 1 2 3 4 5 6 7 8 9 10 11 12 13 14 15 16 17 18 19 20 21 22 23 24 25 26 27 28 29 30
23 30 1 2 3 4 5 6 7 8 9 10 11 12 13 14 15 16 17 18 19 20 21 22 23 24 25 26 27 28 29 30
24 30 1 2 3 4 5 6 7 8 9 10 11 12 13 14 15 16 17 18 19 20 21 22 23 24 25 26 27 28 29 30
25 30 1 2 3 4 5 6 7 8 9 10 11 12 13 14 15 16 17 18 19 20 21 22 23 24 25 26 27 28 29 30
26 30 1 2 3 4 5 6 7 8 9 10 11 12 13 14 15 16 17 18 19 20 21 22 23 24 25 26 27 28 29 30
27 30 1 2 3 4 5 6 7 8 9 10 11 12 13 14 15 16 17 18 19 20 21 22 23 24 25 26 27 28 29 30
28 30 1 2 3 4 5 6 7 8 9 10 11 12 13 14 15 16 17 18 19 20 21 22 23 24 25 26 27 28 29 30
29 30 1 2 3 4 5 6 7 8 9 10 11 12 13 14 15 16 17 18 19 20 21 22 23 24 25 26 27 28 29 30
30 30 1 2 3 4 5 6 7 8 9 10 11 12 13 14 15 16 17 18 19 20 21 22 23 24 25 26 27 28 29 30
31 30 1 2 3 4 5 6 7 8 9 10 11 12 13 14 15 16 17 18 19 20 21 22 23 24 25 26 27 28 29 30
32 30 1 2 3 4 5 6 7 8 9 10 11 12 13 14 15 16 17 18 19 20 21 22 23 24 25 26 27 28 29 30
33 30 1 2 3 4 5 6 7 8 9 10 11 12 13 14 15 16 17 18 19 20 21 22 23 24 25 26 27 28 29 30
34 30 1 2 3 4 5 6 7 8 9 10 11 12 13 14 15 16 17 18 19 20 21 22 23 24 25 26 27 28 29 30
35 30 1 2 3 4 5 6 7 8 9 10 11 12 13 14 15 16 17 18 19 20 21 22 23 24 25 26 27 28 29 30
36 30 1 2 3 4 5 6 7 8 9 10 11 12 13 14 15 16 17 18 19 20 21 22 23 24 25 26 27 28 29 30
37 30 1 2 3 4 5 6 7 8 9 10 11 12 13 14 15 16 17 18 19 20 21 22 23 24 25 26 27 28 29 30
38 30 1 2 3 4 5 6 7 8 9 10 11 12 13 14 15 16 17 18 19 20 21 22 23 24 25 26 27 28 29 30
39 30 1 2 3 4 5 6 7 8 9 10 11 12 13 14 15 16 17 18 19 20 21 22 23 24 25 26 27 28 29 30
40 30 1 2 3 4 5 6 7 8 9 10 11 12 13 14 15 16 17 18 19 20 21 22 23 24 25 26 27 28 29 30
41 30 1 2 3 4 5 6 7 8 9 10 11 12 13 14 15 16 17 18 19 20 21 22 23 24 25 26 27 28 29 30
42 30 1 2 3 4 5 6 7 8 9 10 11 12 13 14 15 16 17 18 19 20 21 22 23 24 25 26 27 28 29 30
43 30 1 2 3 4 5 6 7 8 9 10 11 12 13 14 15 16 17 18 19 20 21 22 23 24 25 26 27 28 29 30
44 1 20
45 30 1 2 3 4 5 6 7 8 9 10 11 12 13 14 15 16 17 18 19 20 21 22 23 24 25 26 27 28 29 30
46 30 1 2 3 4 5 6 7 8 9 10 11 12 13 14 15 16 17 18 19 20 21 22 23 24 25 26 27 28 29 30
47 30 1 2 3 4 5 6 7 8 9 10 11 12 13 14 15 16 17 18 19 20 21 22 23 24 25 26 27 28 29 30
48 30 1 2 3 4 5 6 7 8 9 10 11 12 13 14 15 16 17 18 19 20 21 22 23 24 25 26 27 28 29 30
49 30 1 2 3 4 5 6 7 8 9 10 11 12 13 14 15 16 17 18 19 20 21 22 23 24 25 26 27 28 29 30
50 30 1 2 3 4 5 6 7 8 9 10 11 12 13 14 15 16 17 18 19 20 21 22 23 24 25 26 27 28 29 30
51 30 1 2 3 4 5 6 7 8 9 10 11 12 13 14 15 16 17 18 19 20 21 22 23 24 25 26 27 28 29 30
52 30 1 2 3 4 5 6 7 8 9 10 11 12 13 14 15 16 17 18 19 20 21 22 23 24 25 26 27 28 29 30
53 30 1 2 3 4 5 6 7 8 9 10 11 12 13 14 15 16 17 18 19 20 21 22 23 24 25 26 27 28 29 30
54 30 1 2 3 4 5 6 7 8 9 10 11 12 13 14 15 16 17 18 19 20 21 22 23 24 25 26 27 28 29 30
55 30 1 2 3 4 5 6 7 8 9 10 11 12 13 14 15 16 17 18 19 20 21 22 23 24 25 26 27 28 29 30
3 2 1 2
3 2 2 3
3 2 3 4
3 2 4 5
3 2 6 7
3 2 7 8
3 2 8 9
3 2 8 9
3 2 9 10
3 2 11 12
3 2 12 13
3 2 13 14
3 2 14 15
3 2 15 16
3 2 16 17
3 2 17 18
3 2 18 19
3 2 20 21
3 2 21 22
3 2 22 23
3 2 23 24
3 2 24 25
3 2 25 26
3 2 26 27
3 2 28 29
3 2 29 30
3 2 30 31
3 2 31 32
3 2 32 33
3 2 33 34
3 2 35 36
3 2 36 37
3 2 37 38
3 2 38 39
3 2 39 40
3 2 41 42
3 2 42 43
3 2 43 44
3 2 43 45
3 2 46 47
3 2 47 48
3 2 48 49
3 2 50 51
3 2 51 52
3 2 53 54
2 2 1 2
2 2 2 3
2 2 3 4
2 2 4 5
2 2 6 7
2 2 7 8
2 2 8 9
2 2 8 9
2 2 9 10
2 2 11 12
2 2 12 13
2 2 13 14
2 2 14 15
2 2 15 16
2 2 16 17
2 2 17 18
2 2 18 19
2 2 20 21
2 2 21 22
2 22 23
2 2 23 24
2 2 24 25
2 2 25 26
2 2 26 27
2 2 28 29
2 2 29 30
2 2 30 31
2 2 31 32
2 2 32 33
2 2 33 34
2 2 35 36
2 2 36 37
2 2 37 38
2 2 38 39
2 2 39 40
2 2 41 42
2 2 42 43
2 2 43 44
2 2 43 45
2 2 46 47
2 2 47 48
2 2 48 49
2 2 50 51
2 2 51 52
2 2 53 54
3 2 11 2
3 2 12 3
3 2 13 4
3 2 14 5
3 2 15 6
3 2 16 7
3 2 17 8
3 2 18 9
3 2 19 10
3 2 20 12
3 2 21 13
3 2 22 14
3 2 23 15
3 2 24 16
3 2 25 17
3 2 26 18
3 2 27 19
3 2 28 21
3 2 29 22
3 2 30 23
3 2 31 24
3 2 32 25
3 2 33 26
3 2 34 27
3 2 35 29
3 2 36 30
3 2 37 31
3 2 38 32
3 2 39 33
3 2 40 34
3 2 41 36
3 2 42 37
3 2 43 38
3 2 44 39
3 2 45 40
3 2 46 42
3 2 47 43
3 2 48 44
3 2 49 45
3 2 50 47
3 2 51 48
3 2 52 49
3 2 53 51
3 2 54 52
3 2 55 54
2 2 11 2
2 2 12 3
2 2 13 4
2 2 14 5
2 2 15 6
2 2 16 7
2 2 17 8
2 2 18 9
2 2 19 10
2 2 20 12
2 2 21 13
2 2 22 14
2 2 23 15
2 2 24 16
2 2 25 17
2 2 26 18
2 2 27 19
2 2 28 21
2 2 29 22
2 2 30 23
2 2 31 24
2 2 32 25
2 2 33 26
2 2 34 27
2 2 35 29
2 2 36 30
2 2 37 31
2 2 38 32
2 2 39 33
2 2 40 34
2 2 41 36
2 2 42 37
2 2 43 38
2 2 44 39
2 2 45 40
2 2 46 42
2 2 47 43
2 2 48 44
2 2 49 45
2 2 50 47
2 2 51 48
2 2 52 49
2 2 53 51
2 2 54 52
2 2 55 54
5 1 99 1
5 2 99 2 11
5 3 99 3 12 20
5 4 99 4 13 21 28
5 5 99 5 14 22 29 35
5 6 99 6 15 23 30 36 41
5 7 99 7 16 24 31 37 42 46
5 8 99 8 17 25 32 38 43 47 50
5 9 99 9 18 26 33 39 44 48 51 53
5 10 99 10 19 27 34 40 45 49 52 54 55